Zr1 Zr 0.11950270 0 0 1 0.50047
O1 O 0.1763518 0 0.0932712 1 1.3611
O2 O 0.0586119 -0.0586119 -0.0586119 1 1.3611
C1 C 0.1486720 0 0.1486720 0.8333 6.9332
C2 C 0.2005924 0 0.2005924 0.8333 6.9332
C3 C 0.2662022 0 0.1865920 0.625 6.9332
N3 C 0.2662022 0 0.1865920 0.208 6.9332
Ow1 O 0.7000351 0.3495432 0.3495432 0.329350 8.0040
Ow2 O 0.1596530 0.8403530 0.8403530 0.99213 8.0040
Ow3 O 0.4159762 0.0840362 0.849213 0.250074 8.0040
Ow4 O 0.457412 0.4126691 0.4126691 0.176461 8.0040
Ow5 O 0.6656580 0 0 0.63912 8.0040
Ow6 O 0.322912 0.25 0.75 0.200060 8.0040
